mc = [1.02	1.03	1.04	1.05	1.06	1.07	1.08	1.09	1.10
-3.934329092	-3.943607906	-3.952826023	-3.961983194	-3.971079260	-3.976707503	-4.005827084	-4.014736935	-4.043124765
-1.852027103	-1.849921954	-1.847876003	-1.845886786	-1.843951974	-1.840368539	-1.847219914	-1.845434469	-1.851166679
0.202509471	0.202311535	0.202119292	0.201932499	0.201750928	0.200997391	0.201508712	0.201341628	0.211893655
5.334491969	5.454008698	5.653171819	5.897634582	6.180046075	6.611424121	6.407198751	6.774494941	7.395741223
1.315723406	1.390784623	1.464191361	1.533519715	1.586960468	1.798974852	1.819717315	1.939232517	1.793246390
1.960224444	2.052249803	2.176763703	2.319412915	2.477087561	2.704652184	2.645849046	2.847047265	3.104352418
0.912391186	0.986444617	1.050125899	1.107531140	1.160615903	1.260606443	1.348526571	1.468093012	1.309907744
0.185683608	0.185354598	0.185034824	0.184723902	0.184421469	0.184375682	0.184203492	0.183922442	0.183410431
0.673812286	0.720453332	0.770151611	0.826407853	0.910176965	0.896884121	0.931638475	1.030445947	1.045472922
-0.116857853	-0.113049214	-0.109733238	-0.107010443	-0.104977121	-0.083931039	-0.104591621	-0.105490216	-0.060133027
-0.379111040	-0.378515443	-0.377934634	-0.377368067	-0.376815222	-0.376399155	-0.379547955	-0.379037703	-0.368175715
-0.146945918	-0.146202102	-0.145476963	-0.144769804	-0.144079963	-0.145300263	-0.150739223	-0.150103235	-0.130516451
0.050739104	0.050721229	0.050703792	0.050686775	0.050670163	0.048227677	0.048893039	0.048877807	0.037966162
-0.306274416	-0.306287481	-0.306299996	-0.306311989	-0.306323487	-0.304931694	-0.303841231	-0.303852122	-0.323833331
0.064523496	0.065253852	0.067952362	0.071257416	0.075311404	0.079087153	0.082660621	0.098641570	0.038389433
0.079556070	0.080396380	0.083165842	0.085795522	0.086744305	0.111537644	0.104944951	0.122132211	0.058493309
-0.184847980	-0.173736162	-0.166102193	-0.160567311	-0.154587454	-0.144314565	-0.145218755	-0.141917849	-0.088445752
-0.137360025	-0.135820762	-0.133451470	-0.129949340	-0.121590693	-0.142974803	-0.138325071	-0.138167375	-0.076511672];
% mc(5,:) = mc(5,:).*(1.05./mc(1,:)).^0.4;